img = np.array([[[1,2,3,4,5],
                 [2,4,6,8,0],
                 [3,6,9,2,5],
                 [4,8,2,6,0],
                 [5,0,5,0,5]],
                
                [[5,4,3,2,1],
                 [0,8,6,4,2],
                 [5,2,9,6,3],
                 [0,6,2,8,4],
                 [0,5,0,5,0]]])

img = np.array([[1,2,3,4,5],
                [2,4,6,8,0],
                [3,6,9,2,5],
                [4,8,2,6,0],
                [5,0,5,0,5]])

filter = np.array([[1,0,1],
                   [0,1,0],
                   [1,0,1]])

                   